epoch,test_accuracy,done,timesteps_total,episodes_total,training_iteration,experiment_id,date,timestamp,time_this_iter_s,time_total_s,pid,hostname,node_ip,time_since_restore,timesteps_since_restore,iterations_since_restore,trial_id
0,52.83911671924291,False,,,1,0781b5f06a2d4a3e876f9804fef6d6e8,2022-04-06_02-05-49,1649210749,4.301949501037598,4.301949501037598,47556,nvidia-gpu-cloud-tensorflow-image-8gpus-vm,10.128.0.8,4.301949501037598,0,1,0e1a0456
1,62.03995793901157,False,,,2,0781b5f06a2d4a3e876f9804fef6d6e8,2022-04-06_02-05-50,1649210750,0.47411322593688965,4.776062726974487,47556,nvidia-gpu-cloud-tensorflow-image-8gpus-vm,10.128.0.8,4.776062726974487,0,2,0e1a0456
2,53.10199789695058,False,,,3,0781b5f06a2d4a3e876f9804fef6d6e8,2022-04-06_02-05-51,1649210751,0.4745359420776367,5.250598669052124,47556,nvidia-gpu-cloud-tensorflow-image-8gpus-vm,10.128.0.8,5.250598669052124,0,3,0e1a0456
3,52.6813880126183,False,,,4,0781b5f06a2d4a3e876f9804fef6d6e8,2022-04-06_02-05-51,1649210751,0.46796298027038574,5.71856164932251,47556,nvidia-gpu-cloud-tensorflow-image-8gpus-vm,10.128.0.8,5.71856164932251,0,4,0e1a0456
4,68.76971608832808,False,,,5,0781b5f06a2d4a3e876f9804fef6d6e8,2022-04-06_02-05-52,1649210752,0.4546325206756592,6.173194169998169,47556,nvidia-gpu-cloud-tensorflow-image-8gpus-vm,10.128.0.8,6.173194169998169,0,5,0e1a0456
5,58.25446898002104,False,,,6,0781b5f06a2d4a3e876f9804fef6d6e8,2022-04-06_02-05-52,1649210752,0.48543214797973633,6.658626317977905,47556,nvidia-gpu-cloud-tensorflow-image-8gpus-vm,10.128.0.8,6.658626317977905,0,6,0e1a0456
6,63.45951629863302,False,,,7,0781b5f06a2d4a3e876f9804fef6d6e8,2022-04-06_02-05-53,1649210753,0.5028560161590576,7.161482334136963,47556,nvidia-gpu-cloud-tensorflow-image-8gpus-vm,10.128.0.8,7.161482334136963,0,7,0e1a0456
7,63.77497371188223,False,,,8,0781b5f06a2d4a3e876f9804fef6d6e8,2022-04-06_02-05-53,1649210753,0.4867863655090332,7.648268699645996,47556,nvidia-gpu-cloud-tensorflow-image-8gpus-vm,10.128.0.8,7.648268699645996,0,8,0e1a0456
8,65.93059936908517,False,,,9,0781b5f06a2d4a3e876f9804fef6d6e8,2022-04-06_02-05-53,1649210753,0.47013211250305176,8.118400812149048,47556,nvidia-gpu-cloud-tensorflow-image-8gpus-vm,10.128.0.8,8.118400812149048,0,9,0e1a0456
9,63.8801261829653,False,,,10,0781b5f06a2d4a3e876f9804fef6d6e8,2022-04-06_02-05-54,1649210754,0.49839091300964355,8.616791725158691,47556,nvidia-gpu-cloud-tensorflow-image-8gpus-vm,10.128.0.8,8.616791725158691,0,10,0e1a0456
10,64.30073606729758,False,,,11,0781b5f06a2d4a3e876f9804fef6d6e8,2022-04-06_02-05-54,1649210754,0.4730515480041504,9.089843273162842,47556,nvidia-gpu-cloud-tensorflow-image-8gpus-vm,10.128.0.8,9.089843273162842,0,11,0e1a0456
11,64.40588853838065,False,,,12,0781b5f06a2d4a3e876f9804fef6d6e8,2022-04-06_02-05-55,1649210755,0.4865450859069824,9.576388359069824,47556,nvidia-gpu-cloud-tensorflow-image-8gpus-vm,10.128.0.8,9.576388359069824,0,12,0e1a0456
12,63.82754994742377,False,,,13,0781b5f06a2d4a3e876f9804fef6d6e8,2022-04-06_02-05-55,1649210755,0.48105525970458984,10.057443618774414,47556,nvidia-gpu-cloud-tensorflow-image-8gpus-vm,10.128.0.8,10.057443618774414,0,13,0e1a0456
13,64.24815983175604,False,,,14,0781b5f06a2d4a3e876f9804fef6d6e8,2022-04-06_02-05-56,1649210756,0.469113826751709,10.526557445526123,47556,nvidia-gpu-cloud-tensorflow-image-8gpus-vm,10.128.0.8,10.526557445526123,0,14,0e1a0456
14,65.24710830704522,False,,,15,0781b5f06a2d4a3e876f9804fef6d6e8,2022-04-06_02-05-56,1649210756,0.48979973793029785,11.016357183456421,47556,nvidia-gpu-cloud-tensorflow-image-8gpus-vm,10.128.0.8,11.016357183456421,0,15,0e1a0456
15,65.6677181913775,False,,,16,0781b5f06a2d4a3e876f9804fef6d6e8,2022-04-06_02-05-57,1649210757,0.4761009216308594,11.49245810508728,47556,nvidia-gpu-cloud-tensorflow-image-8gpus-vm,10.128.0.8,11.49245810508728,0,16,0e1a0456
16,66.03575184016825,False,,,17,0781b5f06a2d4a3e876f9804fef6d6e8,2022-04-06_02-05-57,1649210757,0.45679664611816406,11.949254751205444,47556,nvidia-gpu-cloud-tensorflow-image-8gpus-vm,10.128.0.8,11.949254751205444,0,17,0e1a0456
17,66.8769716088328,False,,,18,0781b5f06a2d4a3e876f9804fef6d6e8,2022-04-06_02-05-58,1649210758,0.47397398948669434,12.423228740692139,47556,nvidia-gpu-cloud-tensorflow-image-8gpus-vm,10.128.0.8,12.423228740692139,0,18,0e1a0456
18,67.77076761303891,False,,,19,0781b5f06a2d4a3e876f9804fef6d6e8,2022-04-06_02-05-58,1649210758,0.45595288276672363,12.879181623458862,47556,nvidia-gpu-cloud-tensorflow-image-8gpus-vm,10.128.0.8,12.879181623458862,0,19,0e1a0456
19,70.08412197686646,False,,,20,0781b5f06a2d4a3e876f9804fef6d6e8,2022-04-06_02-05-59,1649210759,0.4743072986602783,13.35348892211914,47556,nvidia-gpu-cloud-tensorflow-image-8gpus-vm,10.128.0.8,13.35348892211914,0,20,0e1a0456
20,73.81703470031546,False,,,21,0781b5f06a2d4a3e876f9804fef6d6e8,2022-04-06_02-05-59,1649210759,0.4614372253417969,13.814926147460938,47556,nvidia-gpu-cloud-tensorflow-image-8gpus-vm,10.128.0.8,13.814926147460938,0,21,0e1a0456
21,74.71083070452156,False,,,22,0781b5f06a2d4a3e876f9804fef6d6e8,2022-04-06_02-06-00,1649210760,0.4676499366760254,14.282576084136963,47556,nvidia-gpu-cloud-tensorflow-image-8gpus-vm,10.128.0.8,14.282576084136963,0,22,0e1a0456
22,81.86119873817034,False,,,23,0781b5f06a2d4a3e876f9804fef6d6e8,2022-04-06_02-06-00,1649210760,0.4553489685058594,14.737925052642822,47556,nvidia-gpu-cloud-tensorflow-image-8gpus-vm,10.128.0.8,14.737925052642822,0,23,0e1a0456
23,81.86119873817034,False,,,24,0781b5f06a2d4a3e876f9804fef6d6e8,2022-04-06_02-06-01,1649210761,0.4538407325744629,15.191765785217285,47556,nvidia-gpu-cloud-tensorflow-image-8gpus-vm,10.128.0.8,15.191765785217285,0,24,0e1a0456
24,82.43953732912723,False,,,25,0781b5f06a2d4a3e876f9804fef6d6e8,2022-04-06_02-06-01,1649210761,0.4620354175567627,15.653801202774048,47556,nvidia-gpu-cloud-tensorflow-image-8gpus-vm,10.128.0.8,15.653801202774048,0,25,0e1a0456
25,81.86119873817034,False,,,26,0781b5f06a2d4a3e876f9804fef6d6e8,2022-04-06_02-06-02,1649210762,0.46145153045654297,16.11525273323059,47556,nvidia-gpu-cloud-tensorflow-image-8gpus-vm,10.128.0.8,16.11525273323059,0,26,0e1a0456
26,81.01997896950579,False,,,27,0781b5f06a2d4a3e876f9804fef6d6e8,2022-04-06_02-06-02,1649210762,0.4864380359649658,16.601690769195557,47556,nvidia-gpu-cloud-tensorflow-image-8gpus-vm,10.128.0.8,16.601690769195557,0,27,0e1a0456
27,82.12407991587803,False,,,28,0781b5f06a2d4a3e876f9804fef6d6e8,2022-04-06_02-06-03,1649210763,0.4581136703491211,17.059804439544678,47556,nvidia-gpu-cloud-tensorflow-image-8gpus-vm,10.128.0.8,17.059804439544678,0,28,0e1a0456
28,81.86119873817034,False,,,29,0781b5f06a2d4a3e876f9804fef6d6e8,2022-04-06_02-06-03,1649210763,0.46886229515075684,17.528666734695435,47556,nvidia-gpu-cloud-tensorflow-image-8gpus-vm,10.128.0.8,17.528666734695435,0,29,0e1a0456
29,80.65194532071503,False,,,30,0781b5f06a2d4a3e876f9804fef6d6e8,2022-04-06_02-06-03,1649210763,0.4588346481323242,17.98750138282776,47556,nvidia-gpu-cloud-tensorflow-image-8gpus-vm,10.128.0.8,17.98750138282776,0,30,0e1a0456
30,81.54574132492114,False,,,31,0781b5f06a2d4a3e876f9804fef6d6e8,2022-04-06_02-06-04,1649210764,0.4652113914489746,18.452712774276733,47556,nvidia-gpu-cloud-tensorflow-image-8gpus-vm,10.128.0.8,18.452712774276733,0,31,0e1a0456
31,82.5446898002103,False,,,32,0781b5f06a2d4a3e876f9804fef6d6e8,2022-04-06_02-06-04,1649210764,0.4615600109100342,18.914272785186768,47556,nvidia-gpu-cloud-tensorflow-image-8gpus-vm,10.128.0.8,18.914272785186768,0,32,0e1a0456
32,83.07045215562566,False,,,33,0781b5f06a2d4a3e876f9804fef6d6e8,2022-04-06_02-06-05,1649210765,0.4572758674621582,19.371548652648926,47556,nvidia-gpu-cloud-tensorflow-image-8gpus-vm,10.128.0.8,19.371548652648926,0,33,0e1a0456
33,83.59621451104101,False,,,34,0781b5f06a2d4a3e876f9804fef6d6e8,2022-04-06_02-06-05,1649210765,0.4547841548919678,19.826332807540894,47556,nvidia-gpu-cloud-tensorflow-image-8gpus-vm,10.128.0.8,19.826332807540894,0,34,0e1a0456
34,83.1230283911672,False,,,35,0781b5f06a2d4a3e876f9804fef6d6e8,2022-04-06_02-06-06,1649210766,0.4521493911743164,20.27848219871521,47556,nvidia-gpu-cloud-tensorflow-image-8gpus-vm,10.128.0.8,20.27848219871521,0,35,0e1a0456
35,82.33438485804416,False,,,36,0781b5f06a2d4a3e876f9804fef6d6e8,2022-04-06_02-06-06,1649210766,0.44972777366638184,20.728209972381592,47556,nvidia-gpu-cloud-tensorflow-image-8gpus-vm,10.128.0.8,20.728209972381592,0,36,0e1a0456
36,82.28180862250262,False,,,37,0781b5f06a2d4a3e876f9804fef6d6e8,2022-04-06_02-06-07,1649210767,0.4524357318878174,21.18064570426941,47556,nvidia-gpu-cloud-tensorflow-image-8gpus-vm,10.128.0.8,21.18064570426941,0,37,0e1a0456
37,82.33438485804416,False,,,38,0781b5f06a2d4a3e876f9804fef6d6e8,2022-04-06_02-06-07,1649210767,0.4535045623779297,21.63415026664734,47556,nvidia-gpu-cloud-tensorflow-image-8gpus-vm,10.128.0.8,21.63415026664734,0,38,0e1a0456
38,83.75394321766562,False,,,39,0781b5f06a2d4a3e876f9804fef6d6e8,2022-04-06_02-06-08,1649210768,0.4525718688964844,22.086722135543823,47556,nvidia-gpu-cloud-tensorflow-image-8gpus-vm,10.128.0.8,22.086722135543823,0,39,0e1a0456
39,83.70136698212409,False,,,40,0781b5f06a2d4a3e876f9804fef6d6e8,2022-04-06_02-06-08,1649210768,0.45111751556396484,22.537839651107788,47556,nvidia-gpu-cloud-tensorflow-image-8gpus-vm,10.128.0.8,22.537839651107788,0,40,0e1a0456
40,84.1745531019979,False,,,41,0781b5f06a2d4a3e876f9804fef6d6e8,2022-04-06_02-06-09,1649210769,0.4425773620605469,22.980417013168335,47556,nvidia-gpu-cloud-tensorflow-image-8gpus-vm,10.128.0.8,22.980417013168335,0,41,0e1a0456
41,84.3322818086225,False,,,42,0781b5f06a2d4a3e876f9804fef6d6e8,2022-04-06_02-06-09,1649210769,0.4474468231201172,23.427863836288452,47556,nvidia-gpu-cloud-tensorflow-image-8gpus-vm,10.128.0.8,23.427863836288452,0,42,0e1a0456
42,84.3322818086225,False,,,43,0781b5f06a2d4a3e876f9804fef6d6e8,2022-04-06_02-06-10,1649210770,0.4513509273529053,23.879214763641357,47556,nvidia-gpu-cloud-tensorflow-image-8gpus-vm,10.128.0.8,23.879214763641357,0,43,0e1a0456
43,84.27970557308096,False,,,44,0781b5f06a2d4a3e876f9804fef6d6e8,2022-04-06_02-06-10,1649210770,0.45625734329223633,24.335472106933594,47556,nvidia-gpu-cloud-tensorflow-image-8gpus-vm,10.128.0.8,24.335472106933594,0,44,0e1a0456
44,83.91167192429022,False,,,45,0781b5f06a2d4a3e876f9804fef6d6e8,2022-04-06_02-06-10,1649210770,0.4608931541442871,24.79636526107788,47556,nvidia-gpu-cloud-tensorflow-image-8gpus-vm,10.128.0.8,24.79636526107788,0,45,0e1a0456
45,84.1745531019979,False,,,46,0781b5f06a2d4a3e876f9804fef6d6e8,2022-04-06_02-06-11,1649210771,0.4594404697418213,25.255805730819702,47556,nvidia-gpu-cloud-tensorflow-image-8gpus-vm,10.128.0.8,25.255805730819702,0,46,0e1a0456
46,84.27970557308096,False,,,47,0781b5f06a2d4a3e876f9804fef6d6e8,2022-04-06_02-06-11,1649210771,0.4528779983520508,25.708683729171753,47556,nvidia-gpu-cloud-tensorflow-image-8gpus-vm,10.128.0.8,25.708683729171753,0,47,0e1a0456
47,84.22712933753942,False,,,48,0781b5f06a2d4a3e876f9804fef6d6e8,2022-04-06_02-06-12,1649210772,0.4523773193359375,26.16106104850769,47556,nvidia-gpu-cloud-tensorflow-image-8gpus-vm,10.128.0.8,26.16106104850769,0,48,0e1a0456
48,84.27970557308096,False,,,49,0781b5f06a2d4a3e876f9804fef6d6e8,2022-04-06_02-06-12,1649210772,0.44680094718933105,26.60786199569702,47556,nvidia-gpu-cloud-tensorflow-image-8gpus-vm,10.128.0.8,26.60786199569702,0,49,0e1a0456
49,84.59516298633018,False,,,50,0781b5f06a2d4a3e876f9804fef6d6e8,2022-04-06_02-06-13,1649210773,0.44315123558044434,27.051013231277466,47556,nvidia-gpu-cloud-tensorflow-image-8gpus-vm,10.128.0.8,27.051013231277466,0,50,0e1a0456
50,83.91167192429022,False,,,51,0781b5f06a2d4a3e876f9804fef6d6e8,2022-04-06_02-06-13,1649210773,0.4441225528717041,27.49513578414917,47556,nvidia-gpu-cloud-tensorflow-image-8gpus-vm,10.128.0.8,27.49513578414917,0,51,0e1a0456
51,84.27970557308096,False,,,52,0781b5f06a2d4a3e876f9804fef6d6e8,2022-04-06_02-06-14,1649210774,0.4483203887939453,27.943456172943115,47556,nvidia-gpu-cloud-tensorflow-image-8gpus-vm,10.128.0.8,27.943456172943115,0,52,0e1a0456
52,83.75394321766562,False,,,53,0781b5f06a2d4a3e876f9804fef6d6e8,2022-04-06_02-06-14,1649210774,0.45214128494262695,28.395597457885742,47556,nvidia-gpu-cloud-tensorflow-image-8gpus-vm,10.128.0.8,28.395597457885742,0,53,0e1a0456
53,84.43743427970557,False,,,54,0781b5f06a2d4a3e876f9804fef6d6e8,2022-04-06_02-06-15,1649210775,0.44554901123046875,28.84114646911621,47556,nvidia-gpu-cloud-tensorflow-image-8gpus-vm,10.128.0.8,28.84114646911621,0,54,0e1a0456
54,84.54258675078864,False,,,55,0781b5f06a2d4a3e876f9804fef6d6e8,2022-04-06_02-06-15,1649210775,0.44438815116882324,29.285534620285034,47556,nvidia-gpu-cloud-tensorflow-image-8gpus-vm,10.128.0.8,29.285534620285034,0,55,0e1a0456
55,84.4900105152471,False,,,56,0781b5f06a2d4a3e876f9804fef6d6e8,2022-04-06_02-06-15,1649210775,0.443007230758667,29.7285418510437,47556,nvidia-gpu-cloud-tensorflow-image-8gpus-vm,10.128.0.8,29.7285418510437,0,56,0e1a0456
56,84.43743427970557,False,,,57,0781b5f06a2d4a3e876f9804fef6d6e8,2022-04-06_02-06-16,1649210776,0.4493718147277832,30.177913665771484,47556,nvidia-gpu-cloud-tensorflow-image-8gpus-vm,10.128.0.8,30.177913665771484,0,57,0e1a0456
57,84.4900105152471,False,,,58,0781b5f06a2d4a3e876f9804fef6d6e8,2022-04-06_02-06-16,1649210776,0.44411587715148926,30.622029542922974,47556,nvidia-gpu-cloud-tensorflow-image-8gpus-vm,10.128.0.8,30.622029542922974,0,58,0e1a0456
58,84.1745531019979,False,,,59,0781b5f06a2d4a3e876f9804fef6d6e8,2022-04-06_02-06-17,1649210777,0.44931697845458984,31.071346521377563,47556,nvidia-gpu-cloud-tensorflow-image-8gpus-vm,10.128.0.8,31.071346521377563,0,59,0e1a0456
59,84.4900105152471,False,,,60,0781b5f06a2d4a3e876f9804fef6d6e8,2022-04-06_02-06-17,1649210777,0.45023584365844727,31.52158236503601,47556,nvidia-gpu-cloud-tensorflow-image-8gpus-vm,10.128.0.8,31.52158236503601,0,60,0e1a0456
60,84.38485804416403,False,,,61,0781b5f06a2d4a3e876f9804fef6d6e8,2022-04-06_02-06-18,1649210778,0.45081520080566406,31.972397565841675,47556,nvidia-gpu-cloud-tensorflow-image-8gpus-vm,10.128.0.8,31.972397565841675,0,61,0e1a0456
61,84.59516298633018,False,,,62,0781b5f06a2d4a3e876f9804fef6d6e8,2022-04-06_02-06-18,1649210778,0.4479954242706299,32.420392990112305,47556,nvidia-gpu-cloud-tensorflow-image-8gpus-vm,10.128.0.8,32.420392990112305,0,62,0e1a0456
62,84.75289169295478,False,,,63,0781b5f06a2d4a3e876f9804fef6d6e8,2022-04-06_02-06-19,1649210779,0.44736385345458984,32.867756843566895,47556,nvidia-gpu-cloud-tensorflow-image-8gpus-vm,10.128.0.8,32.867756843566895,0,63,0e1a0456
63,84.70031545741324,False,,,64,0781b5f06a2d4a3e876f9804fef6d6e8,2022-04-06_02-06-19,1649210779,0.44980669021606445,33.31756353378296,47556,nvidia-gpu-cloud-tensorflow-image-8gpus-vm,10.128.0.8,33.31756353378296,0,64,0e1a0456
64,84.75289169295478,False,,,65,0781b5f06a2d4a3e876f9804fef6d6e8,2022-04-06_02-06-20,1649210780,0.4514005184173584,33.76896405220032,47556,nvidia-gpu-cloud-tensorflow-image-8gpus-vm,10.128.0.8,33.76896405220032,0,65,0e1a0456
65,85.01577287066246,False,,,66,0781b5f06a2d4a3e876f9804fef6d6e8,2022-04-06_02-06-20,1649210780,0.44974231719970703,34.218706369400024,47556,nvidia-gpu-cloud-tensorflow-image-8gpus-vm,10.128.0.8,34.218706369400024,0,66,0e1a0456
66,84.96319663512094,False,,,67,0781b5f06a2d4a3e876f9804fef6d6e8,2022-04-06_02-06-21,1649210781,0.4460029602050781,34.6647093296051,47556,nvidia-gpu-cloud-tensorflow-image-8gpus-vm,10.128.0.8,34.6647093296051,0,67,0e1a0456
67,85.17350157728707,False,,,68,0781b5f06a2d4a3e876f9804fef6d6e8,2022-04-06_02-06-22,1649210782,0.45973944664001465,35.12444877624512,47556,nvidia-gpu-cloud-tensorflow-image-8gpus-vm,10.128.0.8,35.12444877624512,0,68,0e1a0456
68,85.2260778128286,False,,,69,0781b5f06a2d4a3e876f9804fef6d6e8,2022-04-06_02-06-22,1649210782,0.45051097869873047,35.57495975494385,47556,nvidia-gpu-cloud-tensorflow-image-8gpus-vm,10.128.0.8,35.57495975494385,0,69,0e1a0456
69,85.2260778128286,False,,,70,0781b5f06a2d4a3e876f9804fef6d6e8,2022-04-06_02-06-23,1649210783,0.46641111373901367,36.04137086868286,47556,nvidia-gpu-cloud-tensorflow-image-8gpus-vm,10.128.0.8,36.04137086868286,0,70,0e1a0456
70,85.17350157728707,False,,,71,0781b5f06a2d4a3e876f9804fef6d6e8,2022-04-06_02-06-23,1649210783,0.4461214542388916,36.48749232292175,47556,nvidia-gpu-cloud-tensorflow-image-8gpus-vm,10.128.0.8,36.48749232292175,0,71,0e1a0456
71,85.068349106204,False,,,72,0781b5f06a2d4a3e876f9804fef6d6e8,2022-04-06_02-06-24,1649210784,0.4604475498199463,36.9479398727417,47556,nvidia-gpu-cloud-tensorflow-image-8gpus-vm,10.128.0.8,36.9479398727417,0,72,0e1a0456
72,84.75289169295478,False,,,73,0781b5f06a2d4a3e876f9804fef6d6e8,2022-04-06_02-06-24,1649210784,0.4577319622039795,37.40567183494568,47556,nvidia-gpu-cloud-tensorflow-image-8gpus-vm,10.128.0.8,37.40567183494568,0,73,0e1a0456
73,84.59516298633018,False,,,74,0781b5f06a2d4a3e876f9804fef6d6e8,2022-04-06_02-06-25,1649210785,0.4564476013183594,37.86211943626404,47556,nvidia-gpu-cloud-tensorflow-image-8gpus-vm,10.128.0.8,37.86211943626404,0,74,0e1a0456
74,84.43743427970557,False,,,75,0781b5f06a2d4a3e876f9804fef6d6e8,2022-04-06_02-06-25,1649210785,0.4564089775085449,38.31852841377258,47556,nvidia-gpu-cloud-tensorflow-image-8gpus-vm,10.128.0.8,38.31852841377258,0,75,0e1a0456
75,84.3322818086225,False,,,76,0781b5f06a2d4a3e876f9804fef6d6e8,2022-04-06_02-06-26,1649210786,0.45131945610046387,38.76984786987305,47556,nvidia-gpu-cloud-tensorflow-image-8gpus-vm,10.128.0.8,38.76984786987305,0,76,0e1a0456
76,84.4900105152471,False,,,77,0781b5f06a2d4a3e876f9804fef6d6e8,2022-04-06_02-06-26,1649210786,0.46399903297424316,39.23384690284729,47556,nvidia-gpu-cloud-tensorflow-image-8gpus-vm,10.128.0.8,39.23384690284729,0,77,0e1a0456
77,84.59516298633018,False,,,78,0781b5f06a2d4a3e876f9804fef6d6e8,2022-04-06_02-06-26,1649210786,0.46236348152160645,39.6962103843689,47556,nvidia-gpu-cloud-tensorflow-image-8gpus-vm,10.128.0.8,39.6962103843689,0,78,0e1a0456
78,84.80546792849631,False,,,79,0781b5f06a2d4a3e876f9804fef6d6e8,2022-04-06_02-06-27,1649210787,0.45853257179260254,40.1547429561615,47556,nvidia-gpu-cloud-tensorflow-image-8gpus-vm,10.128.0.8,40.1547429561615,0,79,0e1a0456
79,84.80546792849631,False,,,80,0781b5f06a2d4a3e876f9804fef6d6e8,2022-04-06_02-06-27,1649210787,0.45592522621154785,40.61066818237305,47556,nvidia-gpu-cloud-tensorflow-image-8gpus-vm,10.128.0.8,40.61066818237305,0,80,0e1a0456
80,84.6477392218717,False,,,81,0781b5f06a2d4a3e876f9804fef6d6e8,2022-04-06_02-06-28,1649210788,0.47283506393432617,41.08350324630737,47556,nvidia-gpu-cloud-tensorflow-image-8gpus-vm,10.128.0.8,41.08350324630737,0,81,0e1a0456
81,84.96319663512094,False,,,82,0781b5f06a2d4a3e876f9804fef6d6e8,2022-04-06_02-06-28,1649210788,0.46111202239990234,41.544615268707275,47556,nvidia-gpu-cloud-tensorflow-image-8gpus-vm,10.128.0.8,41.544615268707275,0,82,0e1a0456
82,84.75289169295478,False,,,83,0781b5f06a2d4a3e876f9804fef6d6e8,2022-04-06_02-06-29,1649210789,0.4875757694244385,42.032191038131714,47556,nvidia-gpu-cloud-tensorflow-image-8gpus-vm,10.128.0.8,42.032191038131714,0,83,0e1a0456
83,84.85804416403786,False,,,84,0781b5f06a2d4a3e876f9804fef6d6e8,2022-04-06_02-06-29,1649210789,0.4757649898529053,42.50795602798462,47556,nvidia-gpu-cloud-tensorflow-image-8gpus-vm,10.128.0.8,42.50795602798462,0,84,0e1a0456
84,84.75289169295478,False,,,85,0781b5f06a2d4a3e876f9804fef6d6e8,2022-04-06_02-06-30,1649210790,0.47466063499450684,42.982616662979126,47556,nvidia-gpu-cloud-tensorflow-image-8gpus-vm,10.128.0.8,42.982616662979126,0,85,0e1a0456
85,85.17350157728707,False,,,86,0781b5f06a2d4a3e876f9804fef6d6e8,2022-04-06_02-06-30,1649210790,0.48770785331726074,43.47032451629639,47556,nvidia-gpu-cloud-tensorflow-image-8gpus-vm,10.128.0.8,43.47032451629639,0,86,0e1a0456
86,85.068349106204,False,,,87,0781b5f06a2d4a3e876f9804fef6d6e8,2022-04-06_02-06-31,1649210791,0.45916032791137695,43.929484844207764,47556,nvidia-gpu-cloud-tensorflow-image-8gpus-vm,10.128.0.8,43.929484844207764,0,87,0e1a0456
87,84.96319663512094,False,,,88,0781b5f06a2d4a3e876f9804fef6d6e8,2022-04-06_02-06-31,1649210791,0.44833922386169434,44.37782406806946,47556,nvidia-gpu-cloud-tensorflow-image-8gpus-vm,10.128.0.8,44.37782406806946,0,88,0e1a0456
88,84.85804416403786,False,,,89,0781b5f06a2d4a3e876f9804fef6d6e8,2022-04-06_02-06-32,1649210792,0.45093417167663574,44.828758239746094,47556,nvidia-gpu-cloud-tensorflow-image-8gpus-vm,10.128.0.8,44.828758239746094,0,89,0e1a0456
89,84.70031545741324,False,,,90,0781b5f06a2d4a3e876f9804fef6d6e8,2022-04-06_02-06-32,1649210792,0.44378185272216797,45.27254009246826,47556,nvidia-gpu-cloud-tensorflow-image-8gpus-vm,10.128.0.8,45.27254009246826,0,90,0e1a0456
90,84.85804416403786,False,,,91,0781b5f06a2d4a3e876f9804fef6d6e8,2022-04-06_02-06-33,1649210793,0.4504716396331787,45.72301173210144,47556,nvidia-gpu-cloud-tensorflow-image-8gpus-vm,10.128.0.8,45.72301173210144,0,91,0e1a0456
91,84.9106203995794,False,,,92,0781b5f06a2d4a3e876f9804fef6d6e8,2022-04-06_02-06-33,1649210793,0.44733762741088867,46.17034935951233,47556,nvidia-gpu-cloud-tensorflow-image-8gpus-vm,10.128.0.8,46.17034935951233,0,92,0e1a0456
92,84.85804416403786,False,,,93,0781b5f06a2d4a3e876f9804fef6d6e8,2022-04-06_02-06-34,1649210794,0.45041584968566895,46.620765209198,47556,nvidia-gpu-cloud-tensorflow-image-8gpus-vm,10.128.0.8,46.620765209198,0,93,0e1a0456
93,84.70031545741324,False,,,94,0781b5f06a2d4a3e876f9804fef6d6e8,2022-04-06_02-06-34,1649210794,0.45408082008361816,47.074846029281616,47556,nvidia-gpu-cloud-tensorflow-image-8gpus-vm,10.128.0.8,47.074846029281616,0,94,0e1a0456
94,84.75289169295478,False,,,95,0781b5f06a2d4a3e876f9804fef6d6e8,2022-04-06_02-06-34,1649210794,0.4666275978088379,47.541473627090454,47556,nvidia-gpu-cloud-tensorflow-image-8gpus-vm,10.128.0.8,47.541473627090454,0,95,0e1a0456
95,84.75289169295478,False,,,96,0781b5f06a2d4a3e876f9804fef6d6e8,2022-04-06_02-06-35,1649210795,0.4590322971343994,48.00050592422485,47556,nvidia-gpu-cloud-tensorflow-image-8gpus-vm,10.128.0.8,48.00050592422485,0,96,0e1a0456
96,84.75289169295478,False,,,97,0781b5f06a2d4a3e876f9804fef6d6e8,2022-04-06_02-06-35,1649210795,0.455305814743042,48.455811738967896,47556,nvidia-gpu-cloud-tensorflow-image-8gpus-vm,10.128.0.8,48.455811738967896,0,97,0e1a0456
97,84.6477392218717,False,,,98,0781b5f06a2d4a3e876f9804fef6d6e8,2022-04-06_02-06-36,1649210796,0.4676322937011719,48.92344403266907,47556,nvidia-gpu-cloud-tensorflow-image-8gpus-vm,10.128.0.8,48.92344403266907,0,98,0e1a0456
98,84.70031545741324,False,,,99,0781b5f06a2d4a3e876f9804fef6d6e8,2022-04-06_02-06-36,1649210796,0.4593179225921631,49.38276195526123,47556,nvidia-gpu-cloud-tensorflow-image-8gpus-vm,10.128.0.8,49.38276195526123,0,99,0e1a0456
99,84.9106203995794,False,,,100,0781b5f06a2d4a3e876f9804fef6d6e8,2022-04-06_02-06-37,1649210797,0.4675774574279785,49.85033941268921,47556,nvidia-gpu-cloud-tensorflow-image-8gpus-vm,10.128.0.8,49.85033941268921,0,100,0e1a0456
100,84.70031545741324,False,,,101,0781b5f06a2d4a3e876f9804fef6d6e8,2022-04-06_02-06-37,1649210797,0.47840070724487305,50.32874011993408,47556,nvidia-gpu-cloud-tensorflow-image-8gpus-vm,10.128.0.8,50.32874011993408,0,101,0e1a0456
101,84.75289169295478,False,,,102,0781b5f06a2d4a3e876f9804fef6d6e8,2022-04-06_02-06-38,1649210798,0.4835808277130127,50.812320947647095,47556,nvidia-gpu-cloud-tensorflow-image-8gpus-vm,10.128.0.8,50.812320947647095,0,102,0e1a0456
102,85.068349106204,False,,,103,0781b5f06a2d4a3e876f9804fef6d6e8,2022-04-06_02-06-38,1649210798,0.45633792877197266,51.26865887641907,47556,nvidia-gpu-cloud-tensorflow-image-8gpus-vm,10.128.0.8,51.26865887641907,0,103,0e1a0456
103,84.9106203995794,False,,,104,0781b5f06a2d4a3e876f9804fef6d6e8,2022-04-06_02-06-39,1649210799,0.4620223045349121,51.73068118095398,47556,nvidia-gpu-cloud-tensorflow-image-8gpus-vm,10.128.0.8,51.73068118095398,0,104,0e1a0456
104,85.01577287066246,False,,,105,0781b5f06a2d4a3e876f9804fef6d6e8,2022-04-06_02-06-39,1649210799,0.454317569732666,52.184998750686646,47556,nvidia-gpu-cloud-tensorflow-image-8gpus-vm,10.128.0.8,52.184998750686646,0,105,0e1a0456
105,84.80546792849631,False,,,106,0781b5f06a2d4a3e876f9804fef6d6e8,2022-04-06_02-06-40,1649210800,0.4533078670501709,52.638306617736816,47556,nvidia-gpu-cloud-tensorflow-image-8gpus-vm,10.128.0.8,52.638306617736816,0,106,0e1a0456
106,84.80546792849631,False,,,107,0781b5f06a2d4a3e876f9804fef6d6e8,2022-04-06_02-06-40,1649210800,0.4520227909088135,53.09032940864563,47556,nvidia-gpu-cloud-tensorflow-image-8gpus-vm,10.128.0.8,53.09032940864563,0,107,0e1a0456
107,85.12092534174553,False,,,108,0781b5f06a2d4a3e876f9804fef6d6e8,2022-04-06_02-06-41,1649210801,0.45446014404296875,53.5447895526886,47556,nvidia-gpu-cloud-tensorflow-image-8gpus-vm,10.128.0.8,53.5447895526886,0,108,0e1a0456
108,84.70031545741324,False,,,109,0781b5f06a2d4a3e876f9804fef6d6e8,2022-04-06_02-06-41,1649210801,0.4474790096282959,53.992268562316895,47556,nvidia-gpu-cloud-tensorflow-image-8gpus-vm,10.128.0.8,53.992268562316895,0,109,0e1a0456
109,85.12092534174553,False,,,110,0781b5f06a2d4a3e876f9804fef6d6e8,2022-04-06_02-06-42,1649210802,0.468548059463501,54.460816621780396,47556,nvidia-gpu-cloud-tensorflow-image-8gpus-vm,10.128.0.8,54.460816621780396,0,110,0e1a0456
110,85.12092534174553,False,,,111,0781b5f06a2d4a3e876f9804fef6d6e8,2022-04-06_02-06-42,1649210802,0.44782233238220215,54.9086389541626,47556,nvidia-gpu-cloud-tensorflow-image-8gpus-vm,10.128.0.8,54.9086389541626,0,111,0e1a0456
111,85.068349106204,False,,,112,0781b5f06a2d4a3e876f9804fef6d6e8,2022-04-06_02-06-43,1649210803,0.4526865482330322,55.36132550239563,47556,nvidia-gpu-cloud-tensorflow-image-8gpus-vm,10.128.0.8,55.36132550239563,0,112,0e1a0456
112,85.12092534174553,False,,,113,0781b5f06a2d4a3e876f9804fef6d6e8,2022-04-06_02-06-43,1649210803,0.4496176242828369,55.81094312667847,47556,nvidia-gpu-cloud-tensorflow-image-8gpus-vm,10.128.0.8,55.81094312667847,0,113,0e1a0456
113,85.17350157728707,False,,,114,0781b5f06a2d4a3e876f9804fef6d6e8,2022-04-06_02-06-44,1649210804,0.45371294021606445,56.26465606689453,47556,nvidia-gpu-cloud-tensorflow-image-8gpus-vm,10.128.0.8,56.26465606689453,0,114,0e1a0456
114,85.12092534174553,False,,,115,0781b5f06a2d4a3e876f9804fef6d6e8,2022-04-06_02-06-44,1649210804,0.4557638168334961,56.72041988372803,47556,nvidia-gpu-cloud-tensorflow-image-8gpus-vm,10.128.0.8,56.72041988372803,0,115,0e1a0456
115,85.01577287066246,False,,,116,0781b5f06a2d4a3e876f9804fef6d6e8,2022-04-06_02-06-45,1649210805,0.4512631893157959,57.17168307304382,47556,nvidia-gpu-cloud-tensorflow-image-8gpus-vm,10.128.0.8,57.17168307304382,0,116,0e1a0456
116,84.9106203995794,False,,,117,0781b5f06a2d4a3e876f9804fef6d6e8,2022-04-06_02-06-45,1649210805,0.45560312271118164,57.627286195755005,47556,nvidia-gpu-cloud-tensorflow-image-8gpus-vm,10.128.0.8,57.627286195755005,0,117,0e1a0456
117,84.80546792849631,False,,,118,0781b5f06a2d4a3e876f9804fef6d6e8,2022-04-06_02-06-46,1649210806,0.4557361602783203,58.083022356033325,47556,nvidia-gpu-cloud-tensorflow-image-8gpus-vm,10.128.0.8,58.083022356033325,0,118,0e1a0456
118,85.068349106204,False,,,119,0781b5f06a2d4a3e876f9804fef6d6e8,2022-04-06_02-06-46,1649210806,0.4526095390319824,58.53563189506531,47556,nvidia-gpu-cloud-tensorflow-image-8gpus-vm,10.128.0.8,58.53563189506531,0,119,0e1a0456
119,85.2260778128286,False,,,120,0781b5f06a2d4a3e876f9804fef6d6e8,2022-04-06_02-06-47,1649210807,0.45512986183166504,58.99076175689697,47556,nvidia-gpu-cloud-tensorflow-image-8gpus-vm,10.128.0.8,58.99076175689697,0,120,0e1a0456
120,84.6477392218717,False,,,121,0781b5f06a2d4a3e876f9804fef6d6e8,2022-04-06_02-06-47,1649210807,0.45757555961608887,59.44833731651306,47556,nvidia-gpu-cloud-tensorflow-image-8gpus-vm,10.128.0.8,59.44833731651306,0,121,0e1a0456
121,84.80546792849631,False,,,122,0781b5f06a2d4a3e876f9804fef6d6e8,2022-04-06_02-06-47,1649210807,0.45655131340026855,59.90488862991333,47556,nvidia-gpu-cloud-tensorflow-image-8gpus-vm,10.128.0.8,59.90488862991333,0,122,0e1a0456
122,84.85804416403786,False,,,123,0781b5f06a2d4a3e876f9804fef6d6e8,2022-04-06_02-06-48,1649210808,0.4669961929321289,60.37188482284546,47556,nvidia-gpu-cloud-tensorflow-image-8gpus-vm,10.128.0.8,60.37188482284546,0,123,0e1a0456
123,84.85804416403786,False,,,124,0781b5f06a2d4a3e876f9804fef6d6e8,2022-04-06_02-06-48,1649210808,0.44867706298828125,60.82056188583374,47556,nvidia-gpu-cloud-tensorflow-image-8gpus-vm,10.128.0.8,60.82056188583374,0,124,0e1a0456
124,84.9106203995794,False,,,125,0781b5f06a2d4a3e876f9804fef6d6e8,2022-04-06_02-06-49,1649210809,0.44718050956726074,61.267742395401,47556,nvidia-gpu-cloud-tensorflow-image-8gpus-vm,10.128.0.8,61.267742395401,0,125,0e1a0456
125,84.80546792849631,False,,,126,0781b5f06a2d4a3e876f9804fef6d6e8,2022-04-06_02-06-49,1649210809,0.4502565860748291,61.71799898147583,47556,nvidia-gpu-cloud-tensorflow-image-8gpus-vm,10.128.0.8,61.71799898147583,0,126,0e1a0456
126,84.54258675078864,False,,,127,0781b5f06a2d4a3e876f9804fef6d6e8,2022-04-06_02-06-50,1649210810,0.4503061771392822,62.16830515861511,47556,nvidia-gpu-cloud-tensorflow-image-8gpus-vm,10.128.0.8,62.16830515861511,0,127,0e1a0456
127,84.75289169295478,False,,,128,0781b5f06a2d4a3e876f9804fef6d6e8,2022-04-06_02-06-50,1649210810,0.4498593807220459,62.61816453933716,47556,nvidia-gpu-cloud-tensorflow-image-8gpus-vm,10.128.0.8,62.61816453933716,0,128,0e1a0456
128,84.80546792849631,False,,,129,0781b5f06a2d4a3e876f9804fef6d6e8,2022-04-06_02-06-51,1649210811,0.45035886764526367,63.06852340698242,47556,nvidia-gpu-cloud-tensorflow-image-8gpus-vm,10.128.0.8,63.06852340698242,0,129,0e1a0456
129,84.9106203995794,False,,,130,0781b5f06a2d4a3e876f9804fef6d6e8,2022-04-06_02-06-51,1649210811,0.46030402183532715,63.52882742881775,47556,nvidia-gpu-cloud-tensorflow-image-8gpus-vm,10.128.0.8,63.52882742881775,0,130,0e1a0456
130,84.85804416403786,False,,,131,0781b5f06a2d4a3e876f9804fef6d6e8,2022-04-06_02-06-52,1649210812,0.4507169723510742,63.97954440116882,47556,nvidia-gpu-cloud-tensorflow-image-8gpus-vm,10.128.0.8,63.97954440116882,0,131,0e1a0456
131,84.6477392218717,False,,,132,0781b5f06a2d4a3e876f9804fef6d6e8,2022-04-06_02-06-52,1649210812,0.4518744945526123,64.43141889572144,47556,nvidia-gpu-cloud-tensorflow-image-8gpus-vm,10.128.0.8,64.43141889572144,0,132,0e1a0456
132,84.80546792849631,False,,,133,0781b5f06a2d4a3e876f9804fef6d6e8,2022-04-06_02-06-53,1649210813,0.4489247798919678,64.8803436756134,47556,nvidia-gpu-cloud-tensorflow-image-8gpus-vm,10.128.0.8,64.8803436756134,0,133,0e1a0456
133,84.70031545741324,False,,,134,0781b5f06a2d4a3e876f9804fef6d6e8,2022-04-06_02-06-53,1649210813,0.445939302444458,65.32628297805786,47556,nvidia-gpu-cloud-tensorflow-image-8gpus-vm,10.128.0.8,65.32628297805786,0,134,0e1a0456
134,84.9106203995794,False,,,135,0781b5f06a2d4a3e876f9804fef6d6e8,2022-04-06_02-06-54,1649210814,0.4437379837036133,65.77002096176147,47556,nvidia-gpu-cloud-tensorflow-image-8gpus-vm,10.128.0.8,65.77002096176147,0,135,0e1a0456
135,84.85804416403786,False,,,136,0781b5f06a2d4a3e876f9804fef6d6e8,2022-04-06_02-06-54,1649210814,0.4465038776397705,66.21652483940125,47556,nvidia-gpu-cloud-tensorflow-image-8gpus-vm,10.128.0.8,66.21652483940125,0,136,0e1a0456
136,85.01577287066246,False,,,137,0781b5f06a2d4a3e876f9804fef6d6e8,2022-04-06_02-06-55,1649210815,0.44909143447875977,66.66561627388,47556,nvidia-gpu-cloud-tensorflow-image-8gpus-vm,10.128.0.8,66.66561627388,0,137,0e1a0456
137,85.17350157728707,False,,,138,0781b5f06a2d4a3e876f9804fef6d6e8,2022-04-06_02-06-55,1649210815,0.4506080150604248,67.11622428894043,47556,nvidia-gpu-cloud-tensorflow-image-8gpus-vm,10.128.0.8,67.11622428894043,0,138,0e1a0456
138,84.75289169295478,False,,,139,0781b5f06a2d4a3e876f9804fef6d6e8,2022-04-06_02-06-59,1649210819,0.4674704074859619,67.58369469642639,47556,nvidia-gpu-cloud-tensorflow-image-8gpus-vm,10.128.0.8,67.58369469642639,0,139,0e1a0456
139,84.75289169295478,False,,,140,0781b5f06a2d4a3e876f9804fef6d6e8,2022-04-06_02-07-00,1649210820,0.4417836666107178,68.02547836303711,47556,nvidia-gpu-cloud-tensorflow-image-8gpus-vm,10.128.0.8,68.02547836303711,0,140,0e1a0456
140,84.6477392218717,False,,,141,0781b5f06a2d4a3e876f9804fef6d6e8,2022-04-06_02-07-00,1649210820,0.44513869285583496,68.47061705589294,47556,nvidia-gpu-cloud-tensorflow-image-8gpus-vm,10.128.0.8,68.47061705589294,0,141,0e1a0456
141,84.96319663512094,False,,,142,0781b5f06a2d4a3e876f9804fef6d6e8,2022-04-06_02-07-01,1649210821,0.44608354568481445,68.91670060157776,47556,nvidia-gpu-cloud-tensorflow-image-8gpus-vm,10.128.0.8,68.91670060157776,0,142,0e1a0456
142,84.75289169295478,False,,,143,0781b5f06a2d4a3e876f9804fef6d6e8,2022-04-06_02-07-01,1649210821,0.45215630531311035,69.36885690689087,47556,nvidia-gpu-cloud-tensorflow-image-8gpus-vm,10.128.0.8,69.36885690689087,0,143,0e1a0456
143,84.96319663512094,False,,,144,0781b5f06a2d4a3e876f9804fef6d6e8,2022-04-06_02-07-02,1649210822,0.44797492027282715,69.8168318271637,47556,nvidia-gpu-cloud-tensorflow-image-8gpus-vm,10.128.0.8,69.8168318271637,0,144,0e1a0456
144,85.2260778128286,False,,,145,0781b5f06a2d4a3e876f9804fef6d6e8,2022-04-06_02-07-02,1649210822,0.4444594383239746,70.26129126548767,47556,nvidia-gpu-cloud-tensorflow-image-8gpus-vm,10.128.0.8,70.26129126548767,0,145,0e1a0456
145,85.068349106204,False,,,146,0781b5f06a2d4a3e876f9804fef6d6e8,2022-04-06_02-07-03,1649210823,0.4422268867492676,70.70351815223694,47556,nvidia-gpu-cloud-tensorflow-image-8gpus-vm,10.128.0.8,70.70351815223694,0,146,0e1a0456
146,85.12092534174553,False,,,147,0781b5f06a2d4a3e876f9804fef6d6e8,2022-04-06_02-07-03,1649210823,0.4440298080444336,71.14754796028137,47556,nvidia-gpu-cloud-tensorflow-image-8gpus-vm,10.128.0.8,71.14754796028137,0,147,0e1a0456
147,85.17350157728707,False,,,148,0781b5f06a2d4a3e876f9804fef6d6e8,2022-04-06_02-07-03,1649210823,0.44966578483581543,71.59721374511719,47556,nvidia-gpu-cloud-tensorflow-image-8gpus-vm,10.128.0.8,71.59721374511719,0,148,0e1a0456
148,85.17350157728707,False,,,149,0781b5f06a2d4a3e876f9804fef6d6e8,2022-04-06_02-07-04,1649210824,0.4461057186126709,72.04331946372986,47556,nvidia-gpu-cloud-tensorflow-image-8gpus-vm,10.128.0.8,72.04331946372986,0,149,0e1a0456
149,84.9106203995794,False,,,150,0781b5f06a2d4a3e876f9804fef6d6e8,2022-04-06_02-07-04,1649210824,0.44805121421813965,72.491370677948,47556,nvidia-gpu-cloud-tensorflow-image-8gpus-vm,10.128.0.8,72.491370677948,0,150,0e1a0456
150,84.80546792849631,False,,,151,0781b5f06a2d4a3e876f9804fef6d6e8,2022-04-06_02-07-05,1649210825,0.44210338592529297,72.93347406387329,47556,nvidia-gpu-cloud-tensorflow-image-8gpus-vm,10.128.0.8,72.93347406387329,0,151,0e1a0456
151,84.54258675078864,False,,,152,0781b5f06a2d4a3e876f9804fef6d6e8,2022-04-06_02-07-05,1649210825,0.4576246738433838,73.39109873771667,47556,nvidia-gpu-cloud-tensorflow-image-8gpus-vm,10.128.0.8,73.39109873771667,0,152,0e1a0456
152,84.70031545741324,False,,,153,0781b5f06a2d4a3e876f9804fef6d6e8,2022-04-06_02-07-06,1649210826,0.46905064582824707,73.86014938354492,47556,nvidia-gpu-cloud-tensorflow-image-8gpus-vm,10.128.0.8,73.86014938354492,0,153,0e1a0456
153,84.6477392218717,False,,,154,0781b5f06a2d4a3e876f9804fef6d6e8,2022-04-06_02-07-06,1649210826,0.46384692192077637,74.3239963054657,47556,nvidia-gpu-cloud-tensorflow-image-8gpus-vm,10.128.0.8,74.3239963054657,0,154,0e1a0456
154,84.75289169295478,False,,,155,0781b5f06a2d4a3e876f9804fef6d6e8,2022-04-06_02-07-07,1649210827,0.46001720428466797,74.78401350975037,47556,nvidia-gpu-cloud-tensorflow-image-8gpus-vm,10.128.0.8,74.78401350975037,0,155,0e1a0456
155,84.70031545741324,False,,,156,0781b5f06a2d4a3e876f9804fef6d6e8,2022-04-06_02-07-07,1649210827,0.4677128791809082,75.25172638893127,47556,nvidia-gpu-cloud-tensorflow-image-8gpus-vm,10.128.0.8,75.25172638893127,0,156,0e1a0456
156,84.96319663512094,False,,,157,0781b5f06a2d4a3e876f9804fef6d6e8,2022-04-06_02-07-08,1649210828,0.45670461654663086,75.7084310054779,47556,nvidia-gpu-cloud-tensorflow-image-8gpus-vm,10.128.0.8,75.7084310054779,0,157,0e1a0456
157,84.38485804416403,False,,,158,0781b5f06a2d4a3e876f9804fef6d6e8,2022-04-06_02-07-08,1649210828,0.4527852535247803,76.16121625900269,47556,nvidia-gpu-cloud-tensorflow-image-8gpus-vm,10.128.0.8,76.16121625900269,0,158,0e1a0456
158,84.70031545741324,False,,,159,0781b5f06a2d4a3e876f9804fef6d6e8,2022-04-06_02-07-09,1649210829,0.4459400177001953,76.60715627670288,47556,nvidia-gpu-cloud-tensorflow-image-8gpus-vm,10.128.0.8,76.60715627670288,0,159,0e1a0456
159,84.85804416403786,False,,,160,0781b5f06a2d4a3e876f9804fef6d6e8,2022-04-06_02-07-09,1649210829,0.4562947750091553,77.06345105171204,47556,nvidia-gpu-cloud-tensorflow-image-8gpus-vm,10.128.0.8,77.06345105171204,0,160,0e1a0456
160,84.75289169295478,False,,,161,0781b5f06a2d4a3e876f9804fef6d6e8,2022-04-06_02-07-10,1649210830,0.4492042064666748,77.51265525817871,47556,nvidia-gpu-cloud-tensorflow-image-8gpus-vm,10.128.0.8,77.51265525817871,0,161,0e1a0456
161,85.068349106204,False,,,162,0781b5f06a2d4a3e876f9804fef6d6e8,2022-04-06_02-07-11,1649210831,0.44242024421691895,77.95507550239563,47556,nvidia-gpu-cloud-tensorflow-image-8gpus-vm,10.128.0.8,77.95507550239563,0,162,0e1a0456
162,84.85804416403786,False,,,163,0781b5f06a2d4a3e876f9804fef6d6e8,2022-04-06_02-07-12,1649210832,0.4478797912597656,78.4029552936554,47556,nvidia-gpu-cloud-tensorflow-image-8gpus-vm,10.128.0.8,78.4029552936554,0,163,0e1a0456
163,84.59516298633018,False,,,164,0781b5f06a2d4a3e876f9804fef6d6e8,2022-04-06_02-07-12,1649210832,0.4457850456237793,78.84874033927917,47556,nvidia-gpu-cloud-tensorflow-image-8gpus-vm,10.128.0.8,78.84874033927917,0,164,0e1a0456
164,84.6477392218717,False,,,165,0781b5f06a2d4a3e876f9804fef6d6e8,2022-04-06_02-07-13,1649210833,0.4554569721221924,79.30419731140137,47556,nvidia-gpu-cloud-tensorflow-image-8gpus-vm,10.128.0.8,79.30419731140137,0,165,0e1a0456
165,84.75289169295478,False,,,166,0781b5f06a2d4a3e876f9804fef6d6e8,2022-04-06_02-07-13,1649210833,0.4603102207183838,79.76450753211975,47556,nvidia-gpu-cloud-tensorflow-image-8gpus-vm,10.128.0.8,79.76450753211975,0,166,0e1a0456
166,84.59516298633018,False,,,167,0781b5f06a2d4a3e876f9804fef6d6e8,2022-04-06_02-07-14,1649210834,0.4707682132720947,80.23527574539185,47556,nvidia-gpu-cloud-tensorflow-image-8gpus-vm,10.128.0.8,80.23527574539185,0,167,0e1a0456
167,84.70031545741324,False,,,168,0781b5f06a2d4a3e876f9804fef6d6e8,2022-04-06_02-07-14,1649210834,0.540367841720581,80.77564358711243,47556,nvidia-gpu-cloud-tensorflow-image-8gpus-vm,10.128.0.8,80.77564358711243,0,168,0e1a0456
168,84.75289169295478,False,,,169,0781b5f06a2d4a3e876f9804fef6d6e8,2022-04-06_02-07-15,1649210835,0.46037840843200684,81.23602199554443,47556,nvidia-gpu-cloud-tensorflow-image-8gpus-vm,10.128.0.8,81.23602199554443,0,169,0e1a0456
169,84.9106203995794,False,,,170,0781b5f06a2d4a3e876f9804fef6d6e8,2022-04-06_02-07-15,1649210835,0.45667552947998047,81.69269752502441,47556,nvidia-gpu-cloud-tensorflow-image-8gpus-vm,10.128.0.8,81.69269752502441,0,170,0e1a0456
170,84.96319663512094,False,,,171,0781b5f06a2d4a3e876f9804fef6d6e8,2022-04-06_02-07-16,1649210836,0.4553368091583252,82.14803433418274,47556,nvidia-gpu-cloud-tensorflow-image-8gpus-vm,10.128.0.8,82.14803433418274,0,171,0e1a0456
171,85.068349106204,False,,,172,0781b5f06a2d4a3e876f9804fef6d6e8,2022-04-06_02-07-16,1649210836,0.4574246406555176,82.60545897483826,47556,nvidia-gpu-cloud-tensorflow-image-8gpus-vm,10.128.0.8,82.60545897483826,0,172,0e1a0456
172,85.068349106204,False,,,173,0781b5f06a2d4a3e876f9804fef6d6e8,2022-04-06_02-07-16,1649210836,0.45697927474975586,83.06243824958801,47556,nvidia-gpu-cloud-tensorflow-image-8gpus-vm,10.128.0.8,83.06243824958801,0,173,0e1a0456
173,85.01577287066246,False,,,174,0781b5f06a2d4a3e876f9804fef6d6e8,2022-04-06_02-07-17,1649210837,0.478710412979126,83.54114866256714,47556,nvidia-gpu-cloud-tensorflow-image-8gpus-vm,10.128.0.8,83.54114866256714,0,174,0e1a0456
174,85.12092534174553,False,,,175,0781b5f06a2d4a3e876f9804fef6d6e8,2022-04-06_02-07-17,1649210837,0.463482141494751,84.00463080406189,47556,nvidia-gpu-cloud-tensorflow-image-8gpus-vm,10.128.0.8,84.00463080406189,0,175,0e1a0456
175,85.01577287066246,False,,,176,0781b5f06a2d4a3e876f9804fef6d6e8,2022-04-06_02-07-18,1649210838,0.4589869976043701,84.46361780166626,47556,nvidia-gpu-cloud-tensorflow-image-8gpus-vm,10.128.0.8,84.46361780166626,0,176,0e1a0456
176,84.75289169295478,False,,,177,0781b5f06a2d4a3e876f9804fef6d6e8,2022-04-06_02-07-18,1649210838,0.45261454582214355,84.9162323474884,47556,nvidia-gpu-cloud-tensorflow-image-8gpus-vm,10.128.0.8,84.9162323474884,0,177,0e1a0456
177,85.01577287066246,False,,,178,0781b5f06a2d4a3e876f9804fef6d6e8,2022-04-06_02-07-19,1649210839,0.45890092849731445,85.37513327598572,47556,nvidia-gpu-cloud-tensorflow-image-8gpus-vm,10.128.0.8,85.37513327598572,0,178,0e1a0456
178,84.9106203995794,False,,,179,0781b5f06a2d4a3e876f9804fef6d6e8,2022-04-06_02-07-19,1649210839,0.4443495273590088,85.81948280334473,47556,nvidia-gpu-cloud-tensorflow-image-8gpus-vm,10.128.0.8,85.81948280334473,0,179,0e1a0456
179,85.01577287066246,False,,,180,0781b5f06a2d4a3e876f9804fef6d6e8,2022-04-06_02-07-20,1649210840,0.44866514205932617,86.26814794540405,47556,nvidia-gpu-cloud-tensorflow-image-8gpus-vm,10.128.0.8,86.26814794540405,0,180,0e1a0456
180,84.9106203995794,False,,,181,0781b5f06a2d4a3e876f9804fef6d6e8,2022-04-06_02-07-20,1649210840,0.46032166481018066,86.72846961021423,47556,nvidia-gpu-cloud-tensorflow-image-8gpus-vm,10.128.0.8,86.72846961021423,0,181,0e1a0456
181,84.80546792849631,False,,,182,0781b5f06a2d4a3e876f9804fef6d6e8,2022-04-06_02-07-21,1649210841,0.4471147060394287,87.17558431625366,47556,nvidia-gpu-cloud-tensorflow-image-8gpus-vm,10.128.0.8,87.17558431625366,0,182,0e1a0456
182,84.85804416403786,False,,,183,0781b5f06a2d4a3e876f9804fef6d6e8,2022-04-06_02-07-21,1649210841,0.4672229290008545,87.64280724525452,47556,nvidia-gpu-cloud-tensorflow-image-8gpus-vm,10.128.0.8,87.64280724525452,0,183,0e1a0456
183,84.75289169295478,False,,,184,0781b5f06a2d4a3e876f9804fef6d6e8,2022-04-06_02-07-22,1649210842,0.45790648460388184,88.1007137298584,47556,nvidia-gpu-cloud-tensorflow-image-8gpus-vm,10.128.0.8,88.1007137298584,0,184,0e1a0456
184,84.70031545741324,False,,,185,0781b5f06a2d4a3e876f9804fef6d6e8,2022-04-06_02-07-22,1649210842,0.44720935821533203,88.54792308807373,47556,nvidia-gpu-cloud-tensorflow-image-8gpus-vm,10.128.0.8,88.54792308807373,0,185,0e1a0456
185,84.80546792849631,False,,,186,0781b5f06a2d4a3e876f9804fef6d6e8,2022-04-06_02-07-23,1649210843,0.4494779109954834,88.99740099906921,47556,nvidia-gpu-cloud-tensorflow-image-8gpus-vm,10.128.0.8,88.99740099906921,0,186,0e1a0456
186,84.85804416403786,False,,,187,0781b5f06a2d4a3e876f9804fef6d6e8,2022-04-06_02-07-23,1649210843,0.457120418548584,89.4545214176178,47556,nvidia-gpu-cloud-tensorflow-image-8gpus-vm,10.128.0.8,89.4545214176178,0,187,0e1a0456
187,84.80546792849631,False,,,188,0781b5f06a2d4a3e876f9804fef6d6e8,2022-04-06_02-07-24,1649210844,0.4471559524536133,89.90167737007141,47556,nvidia-gpu-cloud-tensorflow-image-8gpus-vm,10.128.0.8,89.90167737007141,0,188,0e1a0456
188,84.54258675078864,False,,,189,0781b5f06a2d4a3e876f9804fef6d6e8,2022-04-06_02-07-24,1649210844,0.451885461807251,90.35356283187866,47556,nvidia-gpu-cloud-tensorflow-image-8gpus-vm,10.128.0.8,90.35356283187866,0,189,0e1a0456
189,84.85804416403786,False,,,190,0781b5f06a2d4a3e876f9804fef6d6e8,2022-04-06_02-07-25,1649210845,0.44687509536743164,90.8004379272461,47556,nvidia-gpu-cloud-tensorflow-image-8gpus-vm,10.128.0.8,90.8004379272461,0,190,0e1a0456
190,84.80546792849631,False,,,191,0781b5f06a2d4a3e876f9804fef6d6e8,2022-04-06_02-07-25,1649210845,0.45075511932373047,91.25119304656982,47556,nvidia-gpu-cloud-tensorflow-image-8gpus-vm,10.128.0.8,91.25119304656982,0,191,0e1a0456
191,84.59516298633018,False,,,192,0781b5f06a2d4a3e876f9804fef6d6e8,2022-04-06_02-07-25,1649210845,0.4455454349517822,91.6967384815216,47556,nvidia-gpu-cloud-tensorflow-image-8gpus-vm,10.128.0.8,91.6967384815216,0,192,0e1a0456
192,84.85804416403786,False,,,193,0781b5f06a2d4a3e876f9804fef6d6e8,2022-04-06_02-07-26,1649210846,0.44888877868652344,92.14562726020813,47556,nvidia-gpu-cloud-tensorflow-image-8gpus-vm,10.128.0.8,92.14562726020813,0,193,0e1a0456
193,84.9106203995794,False,,,194,0781b5f06a2d4a3e876f9804fef6d6e8,2022-04-06_02-07-26,1649210846,0.4467430114746094,92.59237027168274,47556,nvidia-gpu-cloud-tensorflow-image-8gpus-vm,10.128.0.8,92.59237027168274,0,194,0e1a0456
194,84.75289169295478,False,,,195,0781b5f06a2d4a3e876f9804fef6d6e8,2022-04-06_02-07-27,1649210847,0.45630645751953125,93.04867672920227,47556,nvidia-gpu-cloud-tensorflow-image-8gpus-vm,10.128.0.8,93.04867672920227,0,195,0e1a0456
195,84.96319663512094,False,,,196,0781b5f06a2d4a3e876f9804fef6d6e8,2022-04-06_02-07-27,1649210847,0.4526245594024658,93.50130128860474,47556,nvidia-gpu-cloud-tensorflow-image-8gpus-vm,10.128.0.8,93.50130128860474,0,196,0e1a0456
196,84.9106203995794,False,,,197,0781b5f06a2d4a3e876f9804fef6d6e8,2022-04-06_02-07-28,1649210848,0.4564363956451416,93.95773768424988,47556,nvidia-gpu-cloud-tensorflow-image-8gpus-vm,10.128.0.8,93.95773768424988,0,197,0e1a0456
197,84.9106203995794,False,,,198,0781b5f06a2d4a3e876f9804fef6d6e8,2022-04-06_02-07-28,1649210848,0.45180392265319824,94.40954160690308,47556,nvidia-gpu-cloud-tensorflow-image-8gpus-vm,10.128.0.8,94.40954160690308,0,198,0e1a0456
198,84.96319663512094,False,,,199,0781b5f06a2d4a3e876f9804fef6d6e8,2022-04-06_02-07-29,1649210849,0.45227956771850586,94.86182117462158,47556,nvidia-gpu-cloud-tensorflow-image-8gpus-vm,10.128.0.8,94.86182117462158,0,199,0e1a0456
199,84.9106203995794,True,,,200,0781b5f06a2d4a3e876f9804fef6d6e8,2022-04-06_02-07-29,1649210849,0.46460676193237305,95.32642793655396,47556,nvidia-gpu-cloud-tensorflow-image-8gpus-vm,10.128.0.8,95.32642793655396,0,200,0e1a0456
